meta:
  baseline_path: configs\baseline_002.yaml
  best_trial_number: 38
  best_value: 63.2415358149872
  ceilings:
    g_v: 1961.025071847972
    g_w_der: 611.9248638005326
    g_w_dso_der: 48953.989104042616
    g_w_dso_oltc: .inf
    g_w_pcc: 6119.248638005327
    g_w_tso_oltc: 96.22769638120215
    g_w_tso_shunt: .inf
  ceilings_notes: 'continuous via isotropic 1/g_w scaling, rho(M_full^c)=61.19 at
    baseline; g_w_tso_oltc from C3.g_min_required (max over 6 OLTCs); g_w_tso_shunt:
    no shunt actuators in stability result; g_w_dso_oltc: no analytical bound (DSO
    OLTCs settle finitely by Prop. 1.3); ceiling=inf, BO uses fallback_high'
  cvar_pct: 25.0
  n_trials: 80
  study_name: v2_002_ieee39
  timestamp: '2026-04-29T12:02:53.558477'
params:
  dso_g_v: 34.354957035293666
  g_q: 92.75181158624599
  g_v: 11491.721930252046
  g_w_der: 7334.558405484204
  g_w_dso_der: 6492.7536347882115
  g_w_dso_oltc: 14.772450239350672
  g_w_pcc: 506.9207678770438
  g_w_tso_oltc: 7.929765376807726
  tso_g_q_tie: 1.1124815537412578
