10
0 1 0.508105 0.167006 0.820145 0.269569 0 0.453509 0.833063 0.182015 -0.040748
20 1 0.508105 0.167006 0.820145 0.269569 0 0.453509 0.833063 0.182015 -0.040748
40 1 0.508105 0.167006 0.820145 0.269569 0 0.453509 0.833063 0.182015 -0.040748
60 1 0.508105 0.167006 0.820145 0.269569 0 0.453509 0.833063 0.182015 -0.040748
80 1 0.508105 0.167006 0.820145 0.269569 0 0.453509 0.833063 0.182015 -0.040748
100 1 0.508105 0.167006 0.820145 0.269569 0 0.453509 0.833063 0.182015 -0.040748
120 1 0.508105 0.167006 0.820145 0.269569 0 0.453509 0.833063 0.182015 -0.040748
140 1 0.508105 0.167006 0.820145 0.269569 0 0.453509 0.833063 0.182015 -0.040748
160 1 0.508105 0.167006 0.820145 0.269569 0 0.453509 0.833063 0.182015 -0.040748
180 1 0.508105 0.167006 0.820145 0.269569 0 0.453509 0.833063 0.182015 -0.040748
200 1 0.508105 0.167006 0.820145 0.269569 0 0.453509 0.833063 0.182015 -0.040748
220 1 0.508105 0.167006 0.820145 0.269569 0 0.453509 0.833063 0.182015 -0.040748
240 1 0.508105 0.167006 0.820145 0.269569 0 0.453509 0.833063 0.182015 -0.040748
260 1 0.508105 0.167006 0.820145 0.269569 0 0.453509 0.833063 0.182015 -0.040748
280 1 0.508105 0.167006 0.820145 0.269569 0 0.453509 0.833063 0.182015 -0.040748
300 1 0.508105 0.167006 0.820145 0.269569 0 0.453509 0.833063 0.182015 -0.040748
320 1 0.508105 0.167006 0.820145 0.269569 0 0.453509 0.833063 0.182015 -0.040748
340 1 0.508105 0.167006 0.820145 0.269569 0 0.453509 0.833063 0.182015 -0.040748
360 1 0.508105 0.167006 0.820145 0.269569 0 0.453509 0.833063 0.182015 -0.040748
380 1 0.508105 0.167006 0.820145 0.269569 0 0.453509 0.833063 0.182015 -0.040748
400 1 0.508105 0.167006 0.820145 0.269569 0 0.453509 0.833063 0.182015 -0.040748
420 1 0.508105 0.167006 0.820145 0.269569 0 0.453509 0.833063 0.182015 -0.040748
440 1 0.508105 0.167006 0.820145 0.269569 0 0.453509 0.833063 0.182015 -0.040748
460 1 0.508105 0.167006 0.820145 0.269569 0 0.453509 0.833063 0.182015 -0.040748
480 1 0.508105 0.167006 0.820145 0.269569 0 0.453509 0.833063 0.182015 -0.040748
500 1 0.508105 0.167006 0.820145 0.269569 0 0.453509 0.833063 0.182015 -0.040748
520 1 0.508105 0.167006 0.820145 0.269569 0 0.453509 0.833063 0.182015 -0.040748
540 1 0.508105 0.167006 0.820145 0.269569 0 0.453509 0.833063 0.182015 -0.040748
560 1 0.508105 0.167006 0.820145 0.269569 0 0.453509 0.833063 0.182015 -0.040748
580 1 0.508105 0.167006 0.820145 0.269569 0 0.453509 0.833063 0.182015 -0.040748
600 1 0.508105 0.167006 0.820145 0.269569 0 0.453509 0.833063 0.182015 -0.040748
620 1 0.508105 0.167006 0.820145 0.269569 0 0.453509 0.833063 0.182015 -0.040748
640 1 0.508105 0.167006 0.820145 0.269569 0 0.453509 0.833063 0.182015 -0.040748
660 1 0.508105 0.167006 0.820145 0.269569 0 0.453509 0.833063 0.182015 -0.040748
680 1 0.508105 0.167006 0.820145 0.269569 0 0.453509 0.833063 0.182015 -0.040748
700 1 0.508105 0.167006 0.820145 0.269569 0 0.453509 0.833063 0.182015 -0.040748
720 1 0.508105 0.167006 0.820145 0.269569 0 0.453509 0.833063 0.182015 -0.040748
740 1 0.508105 0.167006 0.820145 0.269569 0 0.453509 0.833063 0.182015 -0.040748
760 1 0.508105 0.167006 0.820145 0.269569 0 0.453509 0.833063 0.182015 -0.040748
780 1 0.508105 0.167006 0.820145 0.269569 0 0.453509 0.833063 0.182015 -0.040748
800 1 0.508105 0.167006 0.820145 0.269569 0 0.453509 0.833063 0.182015 -0.040748
820 1 0.508105 0.167006 0.820145 0.269569 0 0.453509 0.833063 0.182015 -0.040748
840 1 0.508105 0.167006 0.820145 0.269569 0 0.453509 0.833063 0.182015 -0.040748
860 1 0.508105 0.167006 0.820145 0.269569 0 0.453509 0.833063 0.182015 -0.040748
880 1 0.508105 0.167006 0.820145 0.269569 0 0.453509 0.833063 0.182015 -0.040748
900 1 0.508105 0.167006 0.820145 0.269569 0 0.453509 0.833063 0.182015 -0.040748
920 1 0.508105 0.167006 0.820145 0.269569 0 0.453509 0.833063 0.182015 -0.040748
940 1 0.508105 0.167006 0.820145 0.269569 0 0.453509 0.833063 0.182015 -0.040748
960 1 0.508105 0.167006 0.820145 0.269569 0 0.453509 0.833063 0.182015 -0.040748
980 1 0.508105 0.167006 0.820145 0.269569 0 0.453509 0.833063 0.182015 -0.040748
1000 1 0.508105 0.167006 0.820145 0.269569 0 0.453509 0.833063 0.182015 -0.040748
1020 1 0.508105 0.167006 0.820145 0.269569 0 0.453509 0.833063 0.182015 -0.040748
1040 1 0.508105 0.167006 0.820145 0.269569 0 0.453509 0.833063 0.182015 -0.040748
1060 1 0.508105 0.167006 0.820145 0.269569 0 0.453509 0.833063 0.182015 -0.040748
1080 1 0.508105 0.167006 0.820145 0.269569 0 0.453509 0.833063 0.182015 -0.040748
1100 1 0.508105 0.167006 0.820145 0.269569 0 0.453509 0.833063 0.182015 -0.040748
1120 1 0.508105 0.167006 0.820145 0.269569 0 0.453509 0.833063 0.182015 -0.040748
1140 1 0.508105 0.167006 0.820145 0.269569 0 0.453509 0.833063 0.182015 -0.040748
1160 1 0.508105 0.167006 0.820145 0.269569 0 0.453509 0.833063 0.182015 -0.040748
1180 1 0.508105 0.167006 0.820145 0.269569 0 0.453509 0.833063 0.182015 -0.040748
1200 1 0.508105 0.167006 0.820145 0.269569 0 0.453509 0.833063 0.182015 -0.040748
1220 1 0.508105 0.167006 0.820145 0.269569 0 0.453509 0.833063 0.182015 -0.040748
1240 1 0.508105 0.167006 0.820145 0.269569 0 0.453509 0.833063 0.182015 -0.040748
1260 1 0.508105 0.167006 0.820145 0.269569 0 0.453509 0.833063 0.182015 -0.040748
1280 1 0.508105 0.167006 0.820145 0.269569 0 0.453509 0.833063 0.182015 -0.040748
1300 1 0.508105 0.167006 0.820145 0.269569 0 0.453509 0.833063 0.182015 -0.040748
1320 1 0.508105 0.167006 0.820145 0.269569 0 0.453509 0.833063 0.182015 -0.040748
1340 1 0.508105 0.167006 0.820145 0.269569 0 0.453509 0.833063 0.182015 -0.040748
1360 1 0.508105 0.167006 0.820145 0.269569 0 0.453509 0.833063 0.182015 -0.040748
1380 1 0.508105 0.167006 0.820145 0.269569 0 0.453509 0.833063 0.182015 -0.040748
1400 1 0.508105 0.167006 0.820145 0.269569 0 0.453509 0.833063 0.182015 -0.040748
1420 1 0.508105 0.167006 0.820145 0.269569 0 0.453509 0.833063 0.182015 -0.040748
1440 1 0.508105 0.167006 0.820145 0.269569 0 0.453509 0.833063 0.182015 -0.040748
1460 1 0.508105 0.167006 0.820145 0.269569 0 0.453509 0.833063 0.182015 -0.040748
1480 1 0.508105 0.167006 0.820145 0.269569 0 0.453509 0.833063 0.182015 -0.040748
1500 1 0.508105 0.167006 0.820145 0.269569 0 0.453509 0.833063 0.182015 -0.040748
1520 1 0.508105 0.167006 0.820145 0.269569 0 0.453509 0.833063 0.182015 -0.040748
1540 1 0.508105 0.167006 0.820145 0.269569 0 0.453509 0.833063 0.182015 -0.040748
1560 1 0.508105 0.167006 0.820145 0.269569 0 0.453509 0.833063 0.182015 -0.040748
1580 1 0.508105 0.167006 0.820145 0.269569 0 0.453509 0.833063 0.182015 -0.040748
1600 1 0.508105 0.167006 0.820145 0.269569 0 0.453509 0.833063 0.182015 -0.040748
1620 1 0.508105 0.167006 0.820145 0.269569 0 0.453509 0.833063 0.182015 -0.040748
1640 1 0.508105 0.167006 0.820145 0.269569 0 0.453509 0.833063 0.182015 -0.040748
1660 1 0.508105 0.167006 0.820145 0.269569 0 0.453509 0.833063 0.182015 -0.040748
1680 1 0.508105 0.167006 0.820145 0.269569 0 0.453509 0.833063 0.182015 -0.040748
1700 1 0.508105 0.167006 0.820145 0.269569 0 0.453509 0.833063 0.182015 -0.040748
1720 1 0.508105 0.167006 0.820145 0.269569 0 0.453509 0.833063 0.182015 -0.040748
1740 1 0.508105 0.167006 0.820145 0.269569 0 0.453509 0.833063 0.182015 -0.040748
1760 1 0.508105 0.167006 0.820145 0.269569 0 0.453509 0.833063 0.182015 -0.040748
1780 1 0.508105 0.167006 0.820145 0.269569 0 0.453509 0.833063 0.182015 -0.040748
1800 1 0.508105 0.167006 0.820145 0.269569 0 0.453509 0.833063 0.182015 -0.040748
1820 1 0.508105 0.167006 0.820145 0.269569 0 0.453509 0.833063 0.182015 -0.040748
1840 1 0.508105 0.167006 0.820145 0.269569 0 0.453509 0.833063 0.182015 -0.040748
1860 1 0.508105 0.167006 0.820145 0.269569 0 0.453509 0.833063 0.182015 -0.040748
1880 1 0.508105 0.167006 0.820145 0.269569 0 0.453509 0.833063 0.182015 -0.040748
1900 1 0.508105 0.167006 0.820145 0.269569 0 0.453509 0.833063 0.182015 -0.040748
1920 1 0.508105 0.167006 0.820145 0.269569 0 0.453509 0.833063 0.182015 -0.040748
1940 1 0.508105 0.167006 0.820145 0.269569 0 0.453509 0.833063 0.182015 -0.040748
1960 1 0.508105 0.167006 0.820145 0.269569 0 0.453509 0.833063 0.182015 -0.040748
1980 1 0.508105 0.167006 0.820145 0.269569 0 0.453509 0.833063 0.182015 -0.040748
2000 1 0.508105 0.167006 0.820145 0.269569 0 0.453509 0.833063 0.182015 -0.040748
2020 1 0.508105 0.167006 0.820145 0.269569 0 0.453509 0.833063 0.182015 -0.040748
2040 1 0.508105 0.167006 0.820145 0.269569 0 0.453509 0.833063 0.182015 -0.040748
2060 1 0.508105 0.167006 0.820145 0.269569 0 0.453509 0.833063 0.182015 -0.040748
2080 1 0.508105 0.167006 0.820145 0.269569 0 0.453509 0.833063 0.182015 -0.040748
2100 1 0.508105 0.167006 0.820145 0.269569 0 0.453509 0.833063 0.182015 -0.040748
2120 1 0.508105 0.167006 0.820145 0.269569 0 0.453509 0.833063 0.182015 -0.040748
2140 1 0.508105 0.167006 0.820145 0.269569 0 0.453509 0.833063 0.182015 -0.040748
2160 1 0.508105 0.167006 0.820145 0.269569 0 0.453509 0.833063 0.182015 -0.040748
2180 1 0.508105 0.167006 0.820145 0.269569 0 0.453509 0.833063 0.182015 -0.040748
2200 1 0.508105 0.167006 0.820145 0.269569 0 0.453509 0.833063 0.182015 -0.040748
2220 1 0.508105 0.167006 0.820145 0.269569 0 0.453509 0.833063 0.182015 -0.040748
2240 1 0.508105 0.167006 0.820145 0.269569 0 0.453509 0.833063 0.182015 -0.040748
2260 1 0.508105 0.167006 0.820145 0.269569 0 0.453509 0.833063 0.182015 -0.040748
2280 1 0.508105 0.167006 0.820145 0.269569 0 0.453509 0.833063 0.182015 -0.040748
2300 1 0.508105 0.167006 0.820145 0.269569 0 0.453509 0.833063 0.182015 -0.040748
2320 1 0.508105 0.167006 0.820145 0.269569 0 0.453509 0.833063 0.182015 -0.040748
2340 1 0.508105 0.167006 0.820145 0.269569 0 0.453509 0.833063 0.182015 -0.040748
2360 1 0.508105 0.167006 0.820145 0.269569 0 0.453509 0.833063 0.182015 -0.040748
2380 1 0.508105 0.167006 0.820145 0.269569 0 0.453509 0.833063 0.182015 -0.040748
2400 1 0.508105 0.167006 0.820145 0.269569 0 0.453509 0.833063 0.182015 -0.040748
2420 1 0.508105 0.167006 0.820145 0.269569 0 0.453509 0.833063 0.182015 -0.040748
2440 1 0.508105 0.167006 0.820145 0.269569 0 0.453509 0.833063 0.182015 -0.040748
2460 1 0.508105 0.167006 0.820145 0.269569 0 0.453509 0.833063 0.182015 -0.040748
2480 1 0.508105 0.167006 0.820145 0.269569 0 0.453509 0.833063 0.182015 -0.040748
2500 1 0.508105 0.167006 0.820145 0.269569 0 0.453509 0.833063 0.182015 -0.040748
2520 1 0.508105 0.167006 0.820145 0.269569 0 0.453509 0.833063 0.182015 -0.040748
2540 1 0.508105 0.167006 0.820145 0.269569 0 0.453509 0.833063 0.182015 -0.040748
2560 1 0.508105 0.167006 0.820145 0.269569 0 0.453509 0.833063 0.182015 -0.040748
2580 1 0.508105 0.167006 0.820145 0.269569 0 0.453509 0.833063 0.182015 -0.040748
2600 1 0.508105 0.167006 0.820145 0.269569 0 0.453509 0.833063 0.182015 -0.040748
2620 1 0.508105 0.167006 0.820145 0.269569 0 0.453509 0.833063 0.182015 -0.040748
2640 1 0.508105 0.167006 0.820145 0.269569 0 0.453509 0.833063 0.182015 -0.040748
2660 1 0.508105 0.167006 0.820145 0.269569 0 0.453509 0.833063 0.182015 -0.040748
2680 1 0.508105 0.167006 0.820145 0.269569 0 0.453509 0.833063 0.182015 -0.040748
2700 1 0.508105 0.167006 0.820145 0.269569 0 0.453509 0.833063 0.182015 -0.040748
2720 1 0.508105 0.167006 0.820145 0.269569 0 0.453509 0.833063 0.182015 -0.040748
2740 1 0.508105 0.167006 0.820145 0.269569 0 0.453509 0.833063 0.182015 -0.040748
2760 1 0.508105 0.167006 0.820145 0.269569 0 0.453509 0.833063 0.182015 -0.040748
2780 1 0.508105 0.167006 0.820145 0.269569 0 0.453509 0.833063 0.182015 -0.040748
2800 1 0.508105 0.167006 0.820145 0.269569 0 0.453509 0.833063 0.182015 -0.040748
2820 1 0.508105 0.167006 0.820145 0.269569 0 0.453509 0.833063 0.182015 -0.040748
2840 1 0.508105 0.167006 0.820145 0.269569 0 0.453509 0.833063 0.182015 -0.040748
2860 1 0.508105 0.167006 0.820145 0.269569 0 0.453509 0.833063 0.182015 -0.040748
2880 1 0.508105 0.167006 0.820145 0.269569 0 0.453509 0.833063 0.182015 -0.040748
2900 1 0.508105 0.167006 0.820145 0.269569 0 0.453509 0.833063 0.182015 -0.040748
2920 1 0.508105 0.167006 0.820145 0.269569 0 0.453509 0.833063 0.182015 -0.040748
2940 1 0.508105 0.167006 0.820145 0.269569 0 0.453509 0.833063 0.182015 -0.040748
2960 1 0.508105 0.167006 0.820145 0.269569 0 0.453509 0.833063 0.182015 -0.040748
2980 1 0.508105 0.167006 0.820145 0.269569 0 0.453509 0.833063 0.182015 -0.040748
3000 1 0.508105 0.167006 0.820145 0.269569 0 0.453509 0.833063 0.182015 -0.040748
3020 1 0.508105 0.167006 0.820145 0.269569 0 0.453509 0.833063 0.182015 -0.040748
3040 1 0.508105 0.167006 0.820145 0.269569 0 0.453509 0.833063 0.182015 -0.040748
3060 1 0.508105 0.167006 0.820145 0.269569 0 0.453509 0.833063 0.182015 -0.040748
3080 1 0.508105 0.167006 0.820145 0.269569 0 0.453509 0.833063 0.182015 -0.040748
3100 1 0.508105 0.167006 0.820145 0.269569 0 0.453509 0.833063 0.182015 -0.040748
3120 1 0.508105 0.167006 0.820145 0.269569 0 0.453509 0.833063 0.182015 -0.040748
3140 1 0.508105 0.167006 0.820145 0.269569 0 0.453509 0.833063 0.182015 -0.040748
3160 1 0.508105 0.167006 0.820145 0.269569 0 0.453509 0.833063 0.182015 -0.040748
3180 1 0.508105 0.167006 0.820145 0.269569 0 0.453509 0.833063 0.182015 -0.040748
3200 1 0.508105 0.167006 0.820145 0.269569 0 0.453509 0.833063 0.182015 -0.040748
3220 1 0.508105 0.167006 0.820145 0.269569 0 0.453509 0.833063 0.182015 -0.040748
3240 1 0.508105 0.167006 0.820145 0.269569 0 0.453509 0.833063 0.182015 -0.040748
3260 1 0.508105 0.167006 0.820145 0.269569 0 0.453509 0.833063 0.182015 -0.040748
3280 1 0.508105 0.167006 0.820145 0.269569 0 0.453509 0.833063 0.182015 -0.040748
3300 1 0.508105 0.167006 0.820145 0.269569 0 0.453509 0.833063 0.182015 -0.040748
3320 1 0.508105 0.167006 0.820145 0.269569 0 0.453509 0.833063 0.182015 -0.040748
3340 1 0.508105 0.167006 0.820145 0.269569 0 0.453509 0.833063 0.182015 -0.040748
3360 1 0.508105 0.167006 0.820145 0.269569 0 0.453509 0.833063 0.182015 -0.040748
3380 1 0.508105 0.167006 0.820145 0.269569 0 0.453509 0.833063 0.182015 -0.040748
3400 1 0.508105 0.167006 0.820145 0.269569 0 0.453509 0.833063 0.182015 -0.040748
3420 1 0.508105 0.167006 0.820145 0.269569 0 0.453509 0.833063 0.182015 -0.040748
3440 1 0.508105 0.167006 0.820145 0.269569 0 0.453509 0.833063 0.182015 -0.040748
3460 1 0.508105 0.167006 0.820145 0.269569 0 0.453509 0.833063 0.182015 -0.040748
3480 1 0.508105 0.167006 0.820145 0.269569 0 0.453509 0.833063 0.182015 -0.040748
3500 1 0.508105 0.167006 0.820145 0.269569 0 0.453509 0.833063 0.182015 -0.040748
3520 1 0.508105 0.167006 0.820145 0.269569 0 0.453509 0.833063 0.182015 -0.040748
3540 1 0.508105 0.167006 0.820145 0.269569 0 0.453509 0.833063 0.182015 -0.040748
3560 1 0.508105 0.167006 0.820145 0.269569 0 0.453509 0.833063 0.182015 -0.040748
3580 1 0.508105 0.167006 0.820145 0.269569 0 0.453509 0.833063 0.182015 -0.040748
3600 1 0.508105 0.167006 0.820145 0.269569 0 0.453509 0.833063 0.182015 -0.040748
3620 1 0.508105 0.167006 0.820145 0.269569 0 0.453509 0.833063 0.182015 -0.040748
3640 1 0.508105 0.167006 0.820145 0.269569 0 0.453509 0.833063 0.182015 -0.040748
3660 1 0.508105 0.167006 0.820145 0.269569 0 0.453509 0.833063 0.182015 -0.040748
3680 1 0.508105 0.167006 0.820145 0.269569 0 0.453509 0.833063 0.182015 -0.040748
3700 1 0.508105 0.167006 0.820145 0.269569 0 0.453509 0.833063 0.182015 -0.040748
3720 1 0.508105 0.167006 0.820145 0.269569 0 0.453509 0.833063 0.182015 -0.040748
3740 1 0.508105 0.167006 0.820145 0.269569 0 0.453509 0.833063 0.182015 -0.040748
3760 1 0.508105 0.167006 0.820145 0.269569 0 0.453509 0.833063 0.182015 -0.040748
3780 1 0.508105 0.167006 0.820145 0.269569 0 0.453509 0.833063 0.182015 -0.040748
3800 1 0.508105 0.167006 0.820145 0.269569 0 0.453509 0.833063 0.182015 -0.040748
3820 1 0.508105 0.167006 0.820145 0.269569 0 0.453509 0.833063 0.182015 -0.040748
3840 1 0.508105 0.167006 0.820145 0.269569 0 0.453509 0.833063 0.182015 -0.040748
3860 1 0.508105 0.167006 0.820145 0.269569 0 0.453509 0.833063 0.182015 -0.040748
3880 1 0.508105 0.167006 0.820145 0.269569 0 0.453509 0.833063 0.182015 -0.040748
3900 1 0.508105 0.167006 0.820145 0.269569 0 0.453509 0.833063 0.182015 -0.040748
3920 1 0.508105 0.167006 0.820145 0.269569 0 0.453509 0.833063 0.182015 -0.040748
3940 1 0.508105 0.167006 0.820145 0.269569 0 0.453509 0.833063 0.182015 -0.040748
3960 1 0.508105 0.167006 0.820145 0.269569 0 0.453509 0.833063 0.182015 -0.040748
3980 1 0.508105 0.167006 0.820145 0.269569 0 0.453509 0.833063 0.182015 -0.040748
4000 1 0.508105 0.167006 0.820145 0.269569 0 0.453509 0.833063 0.182015 -0.040748
